20.60
20.70
20.60
20.60
20.70
20.60
20.70
20.70
20.80
20.70
20.80
20.70
20.70
20.80
20.70
20.70
20.70
20.70
20.70
20.80
20.70
20.70
20.70
20.70
20.70
20.70
20.70
20.70
20.80
20.70
20.70
20.70
20.70
20.70
20.70
20.80
20.70
20.70
20.70
20.70
20.70
20.70
20.80
20.80
20.70
20.70
20.80
20.70
20.80
20.70
20.70
20.70
20.80
20.70
20.80
20.80
20.70
20.70
20.80
20.80
20.70
20.70
20.80
20.80
20.80
20.80
20.80
20.80
20.80
20.80
20.80
20.80
20.80
20.80
20.80
20.80
20.80
20.70
20.70
20.80
20.80
20.80
20.80
20.80
20.80
20.80
20.80
20.70
20.80
20.80
20.70
20.80
20.70
20.70
20.80
20.80
20.80
20.80
20.80
20.70
20.80
20.80
20.80
20.80
20.70
20.80
20.80
20.70
20.70
20.80
20.80
20.80
20.80
20.80
20.80
20.80
20.80
20.80
20.70
20.70
20.80
20.80
20.90
20.70
20.80
20.80
20.80
20.80
20.80
20.70
20.80
20.70
20.80
20.80
20.80
20.80
20.80
20.80
20.80
20.80
20.80
20.80
20.80
20.90
20.70
20.70
20.80
20.70
20.70
20.80
20.80
20.90
20.70
20.70
20.80
20.70
20.80
20.70
20.80
20.70
20.70
20.80
20.70
20.70
20.80
20.70
20.70
20.80
20.80
20.80
20.70
20.70