7
7
6
6
6
5
5
5
6
6
6
6
8
8
6
6
5
7
8
6
6
6
6
6
7
8
9
11
6
6
5
5
5
6
6
6
6
6
6
6
6
5
5
5
5
5
5
5
5
7
6
5
5
5
6
9
10
6
6
7
8
13
7
8
7
6
7
8
9
13
11
13
14
10
12
10
20
24
23
21
19
17
9
14
14
11
17
19
9
9
12
10
20
17
18
17
20
21
21
20
15
10
16
10
9
9
10
9
9
11
9
9
7
8
8
8
9
9
9
8
9
8
13
11
8
8
8
8
14
11
7
10
9
14
7
6
8
8
9
8
8
16
10
17
6
9
7
9
13
9
6
6
7
17
6
6
8
12
7
6
6
6
6
8
9
8
7
8
7
9
7
7
9
7
6
6
6
7
7
9
11
8
7
7
6
7
6
